4 7 3 8 2 6 1 5 9 
8 1 9 7 3 5 4 2 6 
5 2 6 9 4 1 3 7 8 
1 9 0 5 8 7 0 0 0 
0 0 8 3 0 4 9 0 0 
0 0 0 1 6 9 0 0 0 
0 3 0 0 0 0 0 1 0 
0 5 1 4 0 8 2 6 0 
0 0 4 0 0 0 5 0 0 

1000
4 7 3 9 2 6 1 8 5 
8 1 9 7 3 5 4 2 6 
5 2 6 8 4 1 3 7 9 
1 9 2 5 8 7 6 4 0 
0 0 8 3 0 4 9 0 0 
0 0 0 1 6 9 0 0 0 
0 3 0 0 0 0 0 1 0 
0 5 1 4 0 8 2 6 0 
0 0 4 0 0 0 5 0 0 

2000
6 7 3 8 4 2 1 5 9 
8 1 9 7 3 5 4 2 6 
4 2 5 6 9 1 8 7 3 
3 9 6 5 8 7 0 0 0 
0 0 8 3 0 4 9 0 0 
0 0 0 1 6 9 0 0 0 
0 3 0 0 0 0 0 1 0 
0 5 1 4 0 8 2 6 0 
0 0 4 0 0 0 5 0 0 

3000
7 4 3 2 9 6 1 5 8 
8 1 9 7 3 5 4 2 6 
5 2 6 8 4 1 3 7 9 
3 9 2 5 8 7 6 0 0 
0 0 8 3 0 4 9 0 0 
0 0 0 1 6 9 0 0 0 
0 3 0 0 0 0 0 1 0 
0 5 1 4 0 8 2 6 0 
0 0 4 0 0 0 5 0 0 

4000
7 4 3 8 2 6 1 5 9 
8 1 9 7 3 5 4 2 6 
6 2 5 9 4 1 3 7 8 
4 9 2 5 8 7 6 0 0 
0 0 8 3 0 4 9 0 0 
0 0 0 1 6 9 0 0 0 
0 3 0 0 0 0 0 1 0 
0 5 1 4 0 8 2 6 0 
0 0 4 0 0 0 5 0 0 

5000
7 6 3 8 4 2 1 5 9 
8 1 9 7 3 5 4 2 6 
4 2 5 6 9 1 8 7 3 
6 9 2 5 8 7 3 4 1 
5 0 8 3 0 4 9 0 0 
0 0 0 1 6 9 0 0 0 
0 3 0 0 0 0 0 1 0 
0 5 1 4 0 8 2 6 0 
0 0 4 0 0 0 5 0 0 

6000
7 8 3 2 4 6 1 9 5 
6 1 9 7 3 5 4 2 8 
4 2 5 8 9 1 3 7 6 
1 4 2 5 8 7 0 0 0 
0 0 8 3 0 4 9 0 0 
0 0 0 1 6 9 0 0 0 
0 3 0 0 0 0 0 1 0 
0 5 1 4 0 8 2 6 0 
0 0 4 0 0 0 5 0 0 

7000
7 8 3 2 4 6 1 9 5 
6 1 9 7 3 5 4 2 8 
4 2 5 8 9 1 3 7 6 
3 9 2 5 8 7 6 4 1 
1 6 8 3 2 4 9 5 7 
5 4 7 1 6 9 8 3 2 
8 3 6 9 5 2 7 1 4 
9 5 1 4 7 8 2 6 3 
2 7 4 6 1 3 5 8 9 

7074
